260.79787492752075
567.7865264415741
877.543664932251
1187.5372545719147
1497.973655462265
1805.6530978679657
2111.8858590126038
2422.6188838481903
2903.602948665619
3407.128362417221
3912.876322031021
4411.330137729645
4917.577097415924
5323.568416833878
5634.999059677124
5944.678357124329
6254.730482339859
6565.108391284943
6872.286311149597
7176.71870970726
7487.4871418476105
7799.127383470535
8107.4284427165985
8417.693870782852
8725.580517053604
9032.358941555023
9342.710644960403
9653.015621423721
9958.809566259384
10268.900233983994
10577.284187555313
10882.02658367157
11192.45884513855
11502.181678771973
11813.26788854599
12125.38837146759
12436.318207263947
12744.92433309555
13055.817906618118
13366.872836351395
