393.54137802124023
835.2506566047668
1226.8642258644104
1669.0873110294342
2108.9138321876526
2528.300469636917
2782.1294283866882
3035.5066220760345
3285.3833162784576
3536.2121815681458
3789.935042858124
4041.6124210357666
4293.786210298538
4547.593167543411
4799.3899974823
5051.470133066177
5303.609401941299
5556.722226858139
5807.37855553627
6062.900288820267
6322.884622812271
6581.732248783112
6839.392985343933
7099.14378619194
7359.906599521637
7619.587029695511
7879.353674173355
8140.553239583969
8399.558946371078
8657.979644060135
8917.71015381813
9177.178127527237
9435.920516967773
9695.062136888504
9956.380313634872
10215.546867132187
10475.095439434052
10735.397730112076
10995.977197408676
11256.131255149841
