383.01389265060425
766.9887681007385
1149.1166932582855
1538.054913520813
1927.274235010147
2315.432603597641
2702.30717420578
3092.882590532303
3483.9408853054047
3875.428209066391
4266.173921823502
4656.963760852814
5047.482332706451
5438.442338466644
5829.160874605179
6218.797966957092
6608.656089067459
6997.216196298599
7387.185011386871
7777.245344877243
8166.882580280304
8557.040702819824
8947.601378440857
9338.036947011948
9727.931396722794
10117.921553134918
10507.088006019592
10896.95203590393
11287.028592348099
11676.796374797821
12067.029663562775
12456.625993728638
12846.351867437363
13236.335424423218
13626.796331167221
14016.435220479965
14406.434307098389
14796.091264247894
15184.825466871262
15574.887672185898
