475.53018403053284
952.9825387001038
1430.5017738342285
1922.7447724342346
2401.6882739067078
2879.9060006141663
3357.524164199829
3838.044674396515
4317.425659894943
4796.66575050354
5274.843751907349
5754.3355448246
6233.716263532639
6713.069389820099
7192.483184576035
7671.879814863205
8151.159122943878
8630.907444238663
9110.02855014801
9589.296275377274
10068.804125547409
10547.824944019318
11027.32232785225
11506.765705823898
11984.204446792603
12463.53612446785
13037.631281375885
13669.881546497345
14292.042996168137
14909.903480291367
15490.73982167244
15968.162377357483
16444.72663116455
16922.44149875641
17401.711287260056
17879.011038303375
18358.059834957123
18836.886704444885
19314.484215259552
19787.933533668518
