269.9724042415619
542.9200944900513
815.0875065326691
1087.3065965175629
1357.231788635254
1626.926105260849
1897.094209432602
2166.836592435837
2436.360767841339
2838.9739582538605
3275.921543598175
3716.7879660129547
4044.557324409485
4314.890233755112
4587.915974140167
4860.586032152176
5131.796081066132
5402.155573606491
5671.878988981247
5983.26677775383
6262.445769786835
6501.7294063568115
6753.603075265884
7000.873740196228
7248.320481538773
7499.53280711174
7933.35106420517
8370.125273942947
8642.837750673294
8899.54379105568
9156.081578493118
9411.476697206497
9730.602575540543
10171.538969278336
10514.67695069313
10755.220808029175
11003.604913711548
11387.066568374634
11775.691481113434
12130.748011827469
