247.1405475139618
673.6439125537872
931.943776845932
1178.923903465271
1425.984581232071
1673.3621852397919
1918.920814037323
2164.739235162735
2411.0693356990814
2656.6599111557007
2912.567069530487
3167.8717036247253
3422.7884907722473
3677.9677398204803
3931.0959796905518
4182.235360622406
4433.386770248413
4684.487293720245
4936.006638765335
5186.894958734512
5438.358588218689
5689.3946878910065
5941.069642305374
6192.606946468353
6443.318845510483
6694.600757598877
6946.198636770248
7197.570890665054
7450.041278600693
7703.351990699768
7959.669366121292
8214.492185115814
8469.438658475876
8723.893273353577
8976.23710346222
9227.984886169434
9479.604813575745
9731.198820352554
9981.995290756226
10231.547599077225
