306.9340159893036
598.761777639389
891.1127326488495
1176.381856918335
1469.4022510051727
1781.42773604393
2105.2560074329376
2427.920976161957
2749.9086544513702
3072.8041660785675
3387.39573431015
3711.750281572342
4033.5715458393097
4345.0370881557465
4667.220393657684
4991.007434606552
5316.912835597992
5640.080950260162
5955.220255613327
6277.735110044479
6601.419505119324
6927.518241405487
7247.775991678238
7572.300529956818
7895.54722738266
8216.588479995728
8541.474098920822
8862.081375837326
9186.35474395752
9510.842182397842
9836.565724611282
10159.752621650696
10484.296169519424
10808.066707611084
11121.08316874504
11442.737159013748
11763.973206043243
12087.797847986221
12401.059556484222
12723.70780968666
