376.49903559684753
749.3927843570709
1125.0370125770569
1503.2245244979858
1889.0273656845093
2275.1064155101776
2660.730084657669
3046.663954257965
3432.138993024826
3818.162522792816
4204.394671201706
4590.355800151825
4976.598017215729
5357.04599571228
5739.430428504944
6126.271108865738
6512.306164741516
6898.395633220673
7282.372711420059
7669.257509231567
8055.354202985764
8441.357004404068
8826.945080518723
9212.977356672287
9598.063534736633
9983.09738945961
10368.809602499008
10753.746735334396
11139.076992988586
11525.17729306221
11910.398219585419
12296.102890491486
12681.885976552963
13067.930194616318
13453.534313440323
13839.021822690964
14224.088026046753
14609.10523033142
14987.29602265358
15347.222284317017
