426.09459590911865
721.590005159378
982.0500891208649
1240.3371040821075
1498.3549048900604
1757.6776616573334
2018.0132763385773
2278.1227190494537
2539.164701938629
2802.1933767795563
3076.0225591659546
3350.064397573471
3616.718469142914
3883.472934961319
4150.557049036026
4417.892617225647
4684.113524913788
4949.742111682892
5216.963862657547
5481.814902544022
5755.955469369888
6031.082866668701
6303.151885986328
6578.475654125214
6844.700000524521
7111.4426555633545
7378.404702663422
7644.664204359055
7911.271387577057
8177.89399266243
8443.508187294006
8710.064991950989
8975.88062286377
9244.14584350586
9511.135850191116
9784.828932523727
10053.959161281586
10327.818113803864
10600.541551351547
10871.340544939041
