283.84563541412354
565.5906755924225
842.8185214996338
1118.5192794799805
1384.493810415268
1680.1177008152008
1992.4728736877441
2305.344606399536
2611.5773684978485
2923.087525844574
3237.235452413559
3550.7790253162384
3864.9517850875854
4177.598359823227
4489.492145061493
4801.402597904205
5115.11888217926
5416.328585863113
5703.252647638321
6011.050941705704
6320.591135025024
6632.232966184616
6929.874282121658
7210.746953487396
7499.253531932831
7789.5360107421875
8084.704956293106
8397.962105989456
8710.481032848358
9023.281961679459
9336.324990987778
9648.391119241714
9958.21742773056
10270.41445016861
10582.800884485245
10889.939446687698
11200.549638986588
11513.301769733429
11824.165337085724
12134.948072195053
