248.25980734825134
492.99801683425903
741.0716216564178
991.2203316688538
1240.0626230239868
1495.0313930511475
1749.3121638298035
2002.7230463027954
2256.9935076236725
2512.1058297157288
2765.3105807304382
3019.053256750107
3274.2238898277283
3527.5581815242767
3780.7433631420135
4034.769671201706
4289.321410179138
4543.006887435913
4794.321582078934
5047.608365535736
5295.4570524692535
5540.169211626053
5786.751944541931
6033.525062799454
6284.181438207626
6539.820156097412
6794.7314195632935
7048.311290502548
7303.011360406876
7557.267373800278
7811.249995708466
8065.058887958527
8320.711930513382
8575.277351856232
8828.624845981598
9084.041058063507
9338.329190731049
9592.192281484604
9845.200367212296
10100.78712630272
