510.5271952152252
975.5035583972931
1439.4395840168
1902.966736316681
2366.6623067855835
2830.561776638031
3295.04043674469
3759.256493806839
4223.941283226013
4688.749236106873
5152.9273381233215
5617.6158657073975
6082.187505483627
6546.548207521439
7010.935306072235
7475.439568281174
7939.9228682518005
8404.328224420547
8869.106297254562
9333.904924869537
9798.24288058281
10262.555804014206
10726.73108792305
11190.995568752289
11654.038355350494
12118.453016757965
12583.056014299393
13047.46878528595
13511.815167188644
13974.804848194122
14439.356400489807
14903.632181406021
15368.52258181572
15833.64972114563
16298.341295957565
16763.25566625595
17228.393879652023
17693.06056189537
18157.649569511414
18622.615393400192
