435.3150417804718
865.3858785629272
1308.6262955665588
1758.2315397262573
2211.63183760643
2662.584508419037
3112.445838212967
3565.0355973243713
4017.6967010498047
4469.001656293869
4921.841370820999
5374.407667636871
5826.540181875229
6267.288371324539
6705.84289264679
7140.7356786727905
7587.057044029236
8037.961320638657
8489.991044998169
8942.065850257874
9393.627276659012
9844.326818704605
10296.81021952629
10747.675945043564
11200.328277349472
11650.9519906044
12095.853860616684
12547.935430288315
12999.544387340546
13449.385755777359
13900.95270395279
14352.374639987946
14803.467493772507
15253.650335788727
15706.091440677643
16158.891755580902
16610.62417268753
17061.605887889862
17512.79391860962
17964.855197429657
