379.0507273674011
757.1278765201569
1141.9885232448578
1525.6463913917542
1906.5273666381836
2292.0543916225433
2676.4148831367493
3060.853132247925
3444.3362998962402
3830.158036470413
4216.234740257263
4601.52105307579
4982.048599481583
5365.079572677612
5743.437260627747
6123.9156239032745
6510.166781663895
6892.182742357254
7277.857680559158
7663.975113153458
8049.2413511276245
8434.744541883469
8819.962699174881
9205.189176797867
9590.598959445953
9976.078699350357
10361.726111412048
10748.13211607933
11134.538402557373
11559.042353153229
12049.772774457932
12439.341296195984
12992.081580877304
13561.288335084915
14135.308839321136
14699.82081079483
15281.371268033981
15779.261476755142
16307.307446718216
16861.16128706932
