263.7574415206909
529.2682802677155
792.6046984195709
1055.1535203456879
1318.0341160297394
1583.2639367580414
1845.2294552326202
2105.459328651428
2366.6024441719055
2628.9128892421722
2889.4120984077454
3148.7625772953033
3410.431909799576
3672.6696581840515
3934.5567121505737
4196.642438411713
4460.555577039719
4722.793796777725
4985.152554988861
5244.598458528519
5505.436735868454
5918.612898826599
6349.863773107529
6791.635739803314
7109.31366276741
7362.706646680832
7623.7404153347015
7886.814773321152
8150.501801967621
8412.273800849915
8672.430534362793
8933.76092338562
9193.920860290527
9456.345049858093
9717.67026424408
10119.56285405159
10518.84932255745
10950.519022464752
11370.96257686615
11803.349795818329
