532.8850235939026
1058.0677409172058
1653.0498428344727
2199.398274898529
2724.582719564438
3253.259137868881
3780.750600337982
4311.692519426346
4842.359930038452
5372.50341129303
5901.625410079956
6434.120836496353
6962.985369920731
7494.275328159332
8026.064060688019
8558.143719911575
9088.429384708405
9620.161519050598
10152.134806871414
10683.780311346054
11215.982438087463
11748.01937532425
12280.84801197052
12814.006382703781
13347.320152521133
13880.499438524246
14413.846991062164
14947.05444908142
15480.1047539711
16013.484611272812
16546.872101306915
17079.87683558464
17613.399052619934
18146.588441610336
18680.043570756912
19213.255184412003
19743.333923339844
20276.982436180115
20809.75749850273
21341.99453020096
