556.6988286972046
1151.5277893543243
1739.6431798934937
2318.0812754631042
2902.5275132656097
3322.5619654655457
3721.9481480121613
4115.533980846405
4510.366121768951
4902.810615301132
5300.541964054108
5699.071925401688
6097.588148117065
6496.027503013611
6894.905148267746
7292.87287402153
7690.064909934998
8087.073518753052
8484.092728376389
8881.703214645386
9279.44105887413
9675.616618394852
10073.119069099426
10466.729232788086
10862.913856506348
11261.002941608429
11653.429028749466
12045.35357952118
12442.730106592178
12840.13194346428
13237.118815422058
13634.508261680603
14030.964334011078
14478.975865602493
14970.145711898804
15367.027281045914
15846.981511116028
16434.41215133667
17012.04841542244
17497.238377571106
