298.03014063835144
703.5535402297974
1146.928463459015
1656.4645595550537
2077.274152994156
2394.370658636093
2719.377548933029
3046.1972727775574
3372.732361316681
3705.7456455230713
4038.5160777568817
4369.537867069244
4700.190399646759
5030.778848171234
5362.042262554169
5692.929740428925
6009.426782846451
6310.945751667023
6615.695904016495
6924.36146235466
7221.876476049423
7499.181407928467
7779.947090387344
8079.105450630188
8396.616821527481
8914.574009180069
9275.971978664398
9602.92835521698
9924.007702350616
10251.02724313736
10560.86017370224
10870.467949867249
11187.49374961853
11518.399509191513
11846.057298183441
12174.842642068863
12504.938479661942
12825.617253541946
13161.664901018143
13497.681339979172
