416.631756067276
857.1479563713074
1254.2945244312286
1508.0267226696014
1763.1478669643402
2019.1427972316742
2275.2980823516846
2532.398991584778
2787.5814139842987
3044.3125278949738
3303.4739441871643
3559.3050920963287
3815.735734939575
4072.15145945549
4330.21409535408
4586.704825639725
4842.585627794266
5102.082348585129
5359.352232694626
5616.643450975418
5874.804688453674
6131.505823612213
6502.445219278336
6946.361166000366
7338.736580610275
7687.888127088547
7932.198762893677
8179.259937763214
8420.877988576889
8673.157326698303
8929.595902442932
9228.088614702225
9531.02802491188
9835.860965251923
10092.590071678162
10348.946952104568
10747.376295089722
11166.92070198059
11598.295467853546
11930.923557758331
