262.05688858032227
521.4367341995239
781.0531096458435
1041.527755498886
1302.2266399860382
1561.9751341342926
1821.5802993774414
2083.714209318161
2345.0029876232147
2603.225641965866
2861.9846682548523
3121.970046043396
3382.016794204712
3639.9650151729584
3898.4751794338226
4157.5533220767975
4415.155648946762
4674.075663089752
4932.618729829788
5191.762344360352
5449.99979019165
5708.065415859222
5967.924192905426
6224.764762639999
6483.2506194114685
6858.75789475441
7285.713635444641
7716.036949872971
8022.784356594086
8407.729269504547
8808.969376325607
9235.798599481583
9661.0390625
10094.988906860352
10527.088704109192
10957.973025560379
11227.405995845795
11487.188009023666
11748.104320287704
12007.044172763824
