364.4596164226532
611.4840753078461
866.5642218589783
1113.0776929855347
1356.6810023784637
1600.6291706562042
1846.925127506256
2090.500845193863
2334.5444934368134
2579.767159461975
2824.417463541031
3066.9794981479645
3312.3922209739685
3556.067751646042
3799.481474161148
4044.4367101192474
4287.079701423645
4531.625173330307
4775.9831783771515
5020.8332052230835
5263.895863056183
5508.994714021683
5753.649161815643
5996.629726409912
6241.8588325977325
6486.31307554245
6730.404835939407
6974.208357095718
7218.9767780303955
7462.345411062241
7706.337023973465
7951.324049472809
8198.94553399086
8450.266560316086
8702.560604095459
8953.078053236008
9204.074243545532
9455.756464719772
9706.30714917183
9956.197314500809
