385.5900340080261
769.050595998764
1157.2820796966553
1550.6150920391083
1943.7387039661407
2337.022183895111
2730.8169119358063
3123.986312150955
3517.1122584342957
3909.421599149704
4302.114227294922
4695.686786651611
5088.5201959609985
5481.049686193466
5874.043792963028
6266.931982755661
6659.868673801422
7052.727288722992
7445.5396337509155
7838.551857948303
8231.207840919495
8625.01663351059
9011.520315885544
9395.015676498413
9781.988311767578
10166.891655921936
10560.690569877625
10953.327161550522
11336.752472639084
11725.626220464706
12105.064550161362
12493.62879538536
12875.396468639374
13263.183626413345
13645.527623176575
14068.003098011017
14482.88346529007
14870.888512134552
15258.55386853218
15646.55368423462
