478.3701751232147
958.3575894832611
1437.5568776130676
1916.891747713089
2395.500554561615
2874.43447470665
3354.0535383224487
3834.8327317237854
4312.534761667252
4791.446218490601
5270.693701028824
5749.380167961121
6228.453555345535
6707.730728149414
7186.3452064991
7665.66338968277
8143.24285030365
8620.816274642944
9099.077831983566
9577.923287391663
10056.55770611763
10534.77398967743
11012.962967157364
11491.455547332764
11969.782567977905
12448.801502227783
12927.408752441406
13408.229397773743
13887.535259485245
14368.211134672165
14846.75701379776
15326.018347024918
15806.32910490036
16286.240483045578
16766.325450897217
17246.228672027588
17726.88876771927
18205.15261697769
18684.574721574783
19164.101891040802
