251.51973628997803
503.3641502857208
753.9309039115906
1008.7749011516571
1263.0105369091034
1517.703931093216
1772.7543318271637
2028.117127418518
2283.5614120960236
2540.6771171092987
2801.478757381439
3063.890136241913
3324.9039731025696
3586.370978832245
3849.27224111557
4110.561694860458
4371.827077627182
4632.593148946762
4893.743227005005
5157.202545404434
5419.113701343536
5681.733952999115
5945.427893161774
6205.896915912628
6467.060478210449
6729.696548938751
6991.178567409515
7252.25940322876
7513.9435975551605
7775.768287658691
8036.938291788101
8298.147458791733
8559.509806632996
8821.010689258575
9082.336851119995
9344.042704105377
9607.461037874222
9868.390152454376
10163.073723077774
10593.372069358826
