321.92136454582214
601.8371517658234
878.8578026294708
1157.868123292923
1434.8376231193542
1705.2419636249542
1976.1384241580963
2247.6856894493103
2518.3655636310577
2789.0453021526337
3066.3867495059967
3338.6498050689697
3614.111078262329
3892.913347005844
4169.552410125732
4450.134694337845
4729.004778385162
5007.571911811829
5281.255211591721
5552.794503211975
5825.234730482101
6096.194159984589
6369.441707849503
6647.2089993953705
6925.634081840515
7205.536653757095
7483.542752504349
7755.2789187431335
8027.265494823456
8298.305896043777
8569.463252544403
8841.239391088486
9112.846342086792
9384.564821958542
9656.248270750046
9927.097512483597
10198.082114696503
10469.114151000977
10739.717447519302
11016.483634233475
