508.10087180137634
1018.4659750461578
1527.4591500759125
2038.6706631183624
2549.973954677582
3069.3156819343567
3589.096774816513
4108.793901920319
4628.136892795563
5148.060835599899
5667.63987326622
6186.881165027618
6706.650686264038
7226.291074037552
7739.332401275635
8254.795487642288
8771.837509393692
9290.116974115372
9806.24025797844
10327.081665754318
10847.882225513458
11368.754050731659
11889.614719867706
12444.393519639969
13137.296324014664
13832.579313278198
14517.339328050613
15196.382091999054
15717.042978525162
16222.981377840042
16743.00939655304
17263.788273096085
17784.917683839798
18304.37734246254
18818.77637887001
19333.900085687637
19850.597994804382
20372.16833138466
20894.831008434296
21417.03050136566
