246.8822112083435
587.2326362133026
953.8657426834106
1316.9246280193329
1574.0852658748627
1844.1991109848022
2264.9146807193756
2523.464557647705
2768.1847264766693
3071.002696990967
3335.185352087021
3583.893964767456
3832.2659120559692
4076.222204685211
4323.68102645874
4566.523727893829
4814.12010550499
5069.118290424347
5322.917964935303
5575.813576459885
5839.270247459412
6257.640058994293
6621.421523332596
6985.531774997711
7410.825917720795
7798.295556545258
8051.058887004852
8303.537222146988
8555.08191871643
8805.324748277664
9057.28990483284
9306.789268493652
9555.778180122375
9806.971154689789
10057.095994710922
10306.844048023224
10569.497447490692
10921.193099498749
11172.196397781372
11420.210337638855
