426.3460192680359
860.1724445819855
1298.2355353832245
1752.5082788467407
2209.1847879886627
2663.0978689193726
3117.7284457683563
3570.643730401993
4024.9478104114532
4474.879750967026
4929.085280418396
5384.65779042244
5840.562114477158
6295.262601613998
6749.689363241196
7204.368035554886
7659.36798620224
8114.341077327728
8568.091959476471
9023.223502159119
9478.710705757141
9912.513761281967
10346.54892039299
10782.164731264114
11237.42284989357
11692.763570785522
12146.96639084816
12602.04342341423
13057.235150814056
13511.940602302551
13964.788219451904
14416.789376020432
14871.122529029846
15300.898226261139
15732.716411590576
16164.948132038116
16593.11160349846
17026.709829330444
17465.678701400757
17927.230359077454
