388.60511922836304
773.4113328456879
1165.4227797985077
1557.0285859107971
1947.6715309619904
2336.5585124492645
2733.521396636963
3129.6165068149567
3526.359962463379
3918.912886619568
4318.685191392899
4718.629992246628
5118.753630638123
5518.373704433441
5917.985965490341
6318.029553890228
6718.031192541122
7117.599241256714
7517.279939413071
7917.122241973877
8316.513699054718
8716.457062721252
9116.662919044495
9516.043579339981
9912.629613876343
10311.86809682846
10710.086988449097
11109.586066961288
11509.421229600906
11908.618166208267
12308.306620121002
12708.366745233536
13108.267424345016
13508.084225416183
13907.793766498566
14305.599977731705
14705.291581630707
15105.099548101425
15504.622147083282
15903.682982444763
