469.665132522583
940.9213418960571
1411.3716740608215
1882.6553318500519
2353.7220628261566
2824.8432886600494
3296.4278423786163
3767.2914843559265
4238.734074115753
4709.271240472794
5180.134509086609
5651.206333398819
6122.558883190155
6591.566156864166
7062.421478033066
7533.562286376953
8004.742489099503
8475.5198802948
8945.17504644394
9412.758692979813
9882.39324092865
10352.05381846428
10821.861788988113
11291.342730045319
11760.181026220322
12229.39272737503
12698.409132480621
13167.037672042847
13636.287633657455
14105.451895475388
14574.181979179382
15042.519069433212
15510.03457570076
15978.308782339096
16449.580552101135
16920.679848909378
17390.59673833847
17860.198248386383
18332.131205797195
18801.322890281677
