479.93032670021057
959.3835299015045
1439.0385386943817
1919.6053838729858
2399.723001241684
2880.600610733032
3360.2763493061066
3840.8044459819794
4321.401292562485
4802.308141708374
5283.161606311798
5764.197019815445
6244.636427640915
6725.317568540573
7206.41820025444
7687.16364979744
8168.013230800629
8648.962032556534
9129.682448148727
9609.922484636307
10090.906188726425
10570.736129045486
11050.96866106987
11531.47900223732
12011.79634976387
12492.57607626915
12973.398575305939
13453.6904900074
13934.023735523224
14414.89540219307
14895.460176467896
15375.994130849838
15856.989162921906
16337.711516618729
16816.41169142723
17295.40481686592
17775.33411693573
18256.172093868256
18736.738981485367
19217.38342857361
