464.6751425266266
929.0537071228027
1393.249363899231
1857.4919083118439
2322.7122004032135
2787.9567658901215
3252.618551492691
3717.3178589344025
4182.924946069717
4648.4746923446655
5114.025085687637
5580.658688545227
6046.712351560593
6510.757974863052
6976.64559674263
7442.714509010315
7908.825854539871
8374.525584459305
8840.518485546112
9305.972102165222
9771.312870502472
10236.712802648544
10702.141993761063
11167.701967477798
11633.021094083786
12098.862595319748
12564.787040233612
13030.16279888153
13496.223565101624
13962.13313984871
14426.951899051666
14892.099308490753
15356.041410684586
15821.672084569931
16286.85513138771
16751.5084733963
17217.272105693817
17682.760731697083
18148.361500263214
18613.965827941895
